0000000000000000000000000
0000000000000000000000000
0000000000000000000000000
0001100000001100000001000
0000000000000000000000000
0000000000000000000000000
0000000000000000000000000
0000000000000000000000000
0000001100100011001000000
0000000000000000000000000
0000000000000000000000000
0000000000000000000000000
0000000000000000000000000
0000000000000000000000000
0000000000000000000000000
0000000000000000000000000
0000001000010000100010000
0000000000000000000000000
0000000000000000000000000
0000000000000000000000000
0000000000000000000000000
0001100001100001000011000
0000000000000000000000000
0000000000000000000000000
0000000000000000000000000